# N Error Mu Size(u) Size(ReprF_qf) ... Size(Repr_A_bf_qa)
0 0.174995 0.0206914 0 22648 469 913 504 618 1298 547 503 1046 438 1272020 36470 
1 0.132794 0.0206914 0.125 31307 469 913 504 618 1298 547 503 1046 438 1918462 55860 
2 0.0707997 0.0206914 0.25 9958 469 913 504 618 1298 547 503 1046 438 756559 52920 
3 0.0269774 10 0.375 149 469 913 504 618 1298 547 503 1046 438 36582 44830 
4 0.0246318 10 0.5 209 469 913 504 618 1298 547 503 1046 438 50493 66612 
5 0.0140089 10 0.625 83 469 913 504 618 1298 547 503 1046 438 22448 26692 
6 0.0130256 10 1 108 469 913 504 618 1298 547 503 1046 438 14378 38346 
7 0.0115742 10 0.75 184 469 913 504 618 1298 547 503 1046 438 16924 61044 
8 0.0105953 10 0.875 318 469 913 504 618 1298 547 503 1046 438 29923 95141 
