
3.5841212426121438205939284671330824494362e-01 


-3.5685236188743374441401101648807525634766e-01 


-3.5685236188743879592877306095033418387175e-01 


-3.5685236188743468810358194787113461643457e-01 


-3.5685236188743091334529822233889717608690e-01 


-3.5685236188744029472985630491166375577450e-01 


3.5557021662149557172938330040778964757919e-01 


3.5557021662150090079990150115918368101120e-01 


3.5557021662149662644125669430650305002928e-01 


3.5557021662149279617182173751643858850002e-01 


3.5557021662150256613443843889399431645870e-01 


3.5557021662150600782581477687926962971687e-01 


3.5557021662150178897832120128441601991653e-01 


3.5557021662149784768658378197869751602411e-01 


3.5557021662150756213804925209842622280121e-01 


3.5557021662149745910852516317390836775303e-01 


3.5557021662149362883909020638384390622377e-01 


3.5557021662150328777940444524574559181929e-01 


3.5557021662148985408080648085160646587610e-01 


3.5557021662149962404342318222916219383478e-01 


3.5557021662150917196143495857540983706713e-01 

