
-3.3159135440781338854888212256782605361072e-11 -2.2160615595403480951188408217416593842114e-11 1.1597795300639027145061800007303030434630e-11 -1.1491028923422260362773489594061644908721e-11 -1.8458586290951882500699168335200374413407e-10 -2.5318461570662732201928042663485740604301e-06 -8.4363797420043214468430357049117968709639e-11 1.0784284547364240622324693674727313918993e-04 8.4268415737721324987319349020253866910934e-01 


5.5925161361923609352420630353586042740610e-11 4.9096174261970139486395313391177593065340e-10 -1.6321965152441404391721387722157541114165e-10 5.9878457393916380281475527849505309518907e-10 7.5634772742660599963651979547700487938044e-09 2.2301199266645135568722536217878271713744e-06 1.8994024909522428807942996139114869014186e-09 -6.7025947366429271907437015265429636201588e-05 -8.4087818052570528770672808605013415217400e-01 


5.5925161361924391296593434387559944619139e-11 4.9096174261970677153793472859166259480990e-10 -1.6321965152441184671871178324181403396231e-10 5.9878457393916948968146658056031783612383e-10 7.5634772742661906909019813331426784763778e-09 2.2301199266645321915970932163952866744694e-06 1.8994024909523243580846360871374617351748e-09 -6.7025947366430423872245281113890769120189e-05 -8.4087818052571716709309157522511668503284e-01 


5.5925161361922381506198871953131155493333e-11 4.9096174261970294582760167083866631454470e-10 -1.6321965152441269974871847855160374510253e-10 5.9878457393916039069472849725589425062822e-10 7.5634772742660682681713234850467975078914e-09 2.2301199266645080511580964688356232272781e-06 1.8994024909522478438779749320775361298708e-09 -6.7025947366429773350941789811230364648509e-05 -8.4087818052570728610817241133190691471100e-01 


5.5925161361921670647859959194973062876488e-11 4.9096174261969829293665606005799516287080e-10 -1.6321965152441295824265990137275214241774e-10 5.9878457393915687517712514688827604714128e-10 7.5634772742660566876427477426593493081697e-09 2.2301199266644699346754700253203651527656e-06 1.8994024909522817582830896062122058576271e-09 -6.7025947366429366775127107747067611853709e-05 -8.4087818052569818227937048504827544093132e-01 


5.5925161361924449457730254522318334015063e-11 4.9096174261971266519979916891384605359683e-10 -1.6321965152441523298934442219885803879165e-10 5.9878457393916897269358373491802104149340e-10 7.5634772742662932612979379085743625310556e-09 2.2301199266645194861028844018902006496319e-06 1.8994024909522821718733958827260432933315e-09 -6.7025947366430762685424182834026396449190e-05 -8.4087818052572083082907283824170008301735e-01 

