# N Error Mu Size(u) Size(ReprF_qf) ... Size(Repr_A_bf_qa)
0 4.71939 0.01 0.375 2577 204 416 169 225 489 201 217 320 214 104938 10269 
1 5.1301 0.01 0 3538 204 416 169 225 489 201 217 320 214 165575 3642 
2 4.26674 0.01 0.5 5335 204 416 169 225 489 201 217 320 214 227450 10089 
3 4.31601 0.01 0.125 6513 204 416 169 225 489 201 217 320 214 218976 6598 
4 3.18209 0.01 0.75 1507 204 416 169 225 489 201 217 320 214 32667 95988 
5 2.97672 0.01 0.875 2981 204 416 169 225 489 201 217 320 214 51921 188703 
6 3.10273 0.01 0.625 2812 204 416 169 225 489 201 217 320 214 132621 7235 
7 2.9799 0.01 0.25 2648 204 416 169 225 489 201 217 320 214 142607 2713 
8 2.0636 0.01 1 930 204 416 169 225 489 201 217 320 214 28962 85063 
9 1.24581 0.0206914 0.375 1247 204 416 169 225 489 201 217 320 214 89257 21961 
10 1.05373 0.0206914 0.5 2882 204 416 169 225 489 201 217 320 214 196404 39279 
11 0.67541 0.0206914 0.625 1404 204 416 169 225 489 201 217 320 214 96291 24478 
12 0.176173 0.0206914 0 1522 204 416 169 225 489 201 217 320 214 103618 2576 
13 0.136783 0.0206914 0.125 1881 204 416 169 225 489 201 217 320 214 148638 3559 
