   1.0000000000000000e-02   1.0125000000000000e+00
   1.0000000000000000e-02   1.0374999999999999e+00
   1.0000000000000000e-02   1.0625000000000000e+00
   1.0000000000000000e-02   1.0874999999999999e+00
   1.0000000000000000e-02   1.1125000000000000e+00
   1.0000000000000000e-02   1.1375000000000000e+00
   1.0000000000000000e-02   1.1625000000000001e+00
   1.0000000000000000e-02   1.1875000000000000e+00
   1.0000000000000000e-02   1.2124999999999999e+00
   1.0000000000000000e-02   1.2375000000000000e+00
   1.0000000000000000e-02   1.2625000000000000e+00
   1.0000000000000000e-02   1.2875000000000001e+00
   1.0000000000000000e-02   1.3125000000000000e+00
   1.0000000000000000e-02   1.3374999999999999e+00
   1.0000000000000000e-02   1.3625000000000000e+00
   1.0000000000000000e-02   1.3875000000000000e+00
   1.0000000000000000e-02   1.4125000000000001e+00
   1.0000000000000000e-02   1.4375000000000000e+00
   1.0000000000000000e-02   1.4624999999999999e+00
   1.0000000000000000e-02   1.4875000000000000e+00
   1.0000000000000000e-02   1.5125000000000002e+00
   1.0000000000000000e-02   1.5375000000000001e+00
   1.0000000000000000e-02   1.5625000000000000e+00
   1.0000000000000000e-02   1.5874999999999999e+00
   1.0000000000000000e-02   1.6125000000000000e+00
   1.0000000000000000e-02   1.6375000000000002e+00
   1.0000000000000000e-02   1.6625000000000001e+00
   1.0000000000000000e-02   1.6875000000000000e+00
   1.0000000000000000e-02   1.7125000000000001e+00
   1.0000000000000000e-02   1.7375000000000000e+00
   1.0000000000000000e-02   1.7625000000000002e+00
   1.0000000000000000e-02   1.7875000000000001e+00
   1.0000000000000000e-02   1.8125000000000000e+00
   1.0000000000000000e-02   1.8375000000000001e+00
   1.0000000000000000e-02   1.8625000000000003e+00
   1.0000000000000000e-02   1.8875000000000002e+00
   1.0000000000000000e-02   1.9125000000000001e+00
   1.0000000000000000e-02   1.9375000000000000e+00
   1.0000000000000000e-02   1.9625000000000001e+00
   1.0000000000000000e-02   1.9875000000000003e+00
   1.0000000000000000e-02   2.0125000000000002e+00
   1.4918955578206111e-02   1.0125000000000000e+00
   1.4918955578206111e-02   1.0374999999999999e+00
   1.4918955578206111e-02   1.0625000000000000e+00
   1.4918955578206111e-02   1.0874999999999999e+00
   1.4918955578206111e-02   1.1125000000000000e+00
   1.4918955578206111e-02   1.1375000000000000e+00
   1.4918955578206111e-02   1.1625000000000001e+00
   1.4918955578206111e-02   1.1875000000000000e+00
   1.4918955578206111e-02   1.2124999999999999e+00
   1.4918955578206111e-02   1.2375000000000000e+00
   1.4918955578206111e-02   1.2625000000000000e+00
   1.4918955578206111e-02   1.2875000000000001e+00
   1.4918955578206111e-02   1.3125000000000000e+00
   1.4918955578206111e-02   1.3374999999999999e+00
   1.4918955578206111e-02   1.3625000000000000e+00
   1.4918955578206111e-02   1.3875000000000000e+00
   1.4918955578206111e-02   1.4125000000000001e+00
   1.4918955578206111e-02   1.4375000000000000e+00
   1.4918955578206111e-02   1.4624999999999999e+00
   1.4918955578206111e-02   1.4875000000000000e+00
   1.4918955578206111e-02   1.5125000000000002e+00
   1.4918955578206111e-02   1.5375000000000001e+00
   1.4918955578206111e-02   1.5625000000000000e+00
   1.4918955578206111e-02   1.5874999999999999e+00
   1.4918955578206111e-02   1.6125000000000000e+00
   1.4918955578206111e-02   1.6375000000000002e+00
   1.4918955578206111e-02   1.6625000000000001e+00
   1.4918955578206111e-02   1.6875000000000000e+00
   1.4918955578206111e-02   1.7125000000000001e+00
   1.4918955578206111e-02   1.7375000000000000e+00
   1.4918955578206111e-02   1.7625000000000002e+00
   1.4918955578206111e-02   1.7875000000000001e+00
   1.4918955578206111e-02   1.8125000000000000e+00
   1.4918955578206111e-02   1.8375000000000001e+00
   1.4918955578206111e-02   1.8625000000000003e+00
   1.4918955578206111e-02   1.8875000000000002e+00
   1.4918955578206111e-02   1.9125000000000001e+00
   1.4918955578206111e-02   1.9375000000000000e+00
   1.4918955578206111e-02   1.9625000000000001e+00
   1.4918955578206111e-02   1.9875000000000003e+00
   1.4918955578206111e-02   2.0125000000000002e+00
   2.2257523554448714e-02   1.0125000000000000e+00
   2.2257523554448714e-02   1.0374999999999999e+00
   2.2257523554448714e-02   1.0625000000000000e+00
   2.2257523554448714e-02   1.0874999999999999e+00
   2.2257523554448714e-02   1.1125000000000000e+00
   2.2257523554448714e-02   1.1375000000000000e+00
   2.2257523554448714e-02   1.1625000000000001e+00
   2.2257523554448714e-02   1.1875000000000000e+00
   2.2257523554448714e-02   1.2124999999999999e+00
   2.2257523554448714e-02   1.2375000000000000e+00
   2.2257523554448714e-02   1.2625000000000000e+00
   2.2257523554448714e-02   1.2875000000000001e+00
   2.2257523554448714e-02   1.3125000000000000e+00
   2.2257523554448714e-02   1.3374999999999999e+00
   2.2257523554448714e-02   1.3625000000000000e+00
   2.2257523554448714e-02   1.3875000000000000e+00
   2.2257523554448714e-02   1.4125000000000001e+00
   2.2257523554448714e-02   1.4375000000000000e+00
   2.2257523554448714e-02   1.4624999999999999e+00
   2.2257523554448714e-02   1.4875000000000000e+00
   2.2257523554448714e-02   1.5125000000000002e+00
   2.2257523554448714e-02   1.5375000000000001e+00
   2.2257523554448714e-02   1.5625000000000000e+00
   2.2257523554448714e-02   1.5874999999999999e+00
   2.2257523554448714e-02   1.6125000000000000e+00
   2.2257523554448714e-02   1.6375000000000002e+00
   2.2257523554448714e-02   1.6625000000000001e+00
   2.2257523554448714e-02   1.6875000000000000e+00
   2.2257523554448714e-02   1.7125000000000001e+00
   2.2257523554448714e-02   1.7375000000000000e+00
   2.2257523554448714e-02   1.7625000000000002e+00
   2.2257523554448714e-02   1.7875000000000001e+00
   2.2257523554448714e-02   1.8125000000000000e+00
   2.2257523554448714e-02   1.8375000000000001e+00
   2.2257523554448714e-02   1.8625000000000003e+00
   2.2257523554448714e-02   1.8875000000000002e+00
   2.2257523554448714e-02   1.9125000000000001e+00
   2.2257523554448714e-02   1.9375000000000000e+00
   2.2257523554448714e-02   1.9625000000000001e+00
   2.2257523554448714e-02   1.9875000000000003e+00
   2.2257523554448714e-02   2.0125000000000002e+00
   3.3205900518969655e-02   1.0125000000000000e+00
   3.3205900518969655e-02   1.0374999999999999e+00
   3.3205900518969655e-02   1.0625000000000000e+00
   3.3205900518969655e-02   1.0874999999999999e+00
   3.3205900518969655e-02   1.1125000000000000e+00
   3.3205900518969655e-02   1.1375000000000000e+00
   3.3205900518969655e-02   1.1625000000000001e+00
   3.3205900518969655e-02   1.1875000000000000e+00
   3.3205900518969655e-02   1.2124999999999999e+00
   3.3205900518969655e-02   1.2375000000000000e+00
   3.3205900518969655e-02   1.2625000000000000e+00
   3.3205900518969655e-02   1.2875000000000001e+00
   3.3205900518969655e-02   1.3125000000000000e+00
   3.3205900518969655e-02   1.3374999999999999e+00
   3.3205900518969655e-02   1.3625000000000000e+00
   3.3205900518969655e-02   1.3875000000000000e+00
   3.3205900518969655e-02   1.4125000000000001e+00
   3.3205900518969655e-02   1.4375000000000000e+00
   3.3205900518969655e-02   1.4624999999999999e+00
   3.3205900518969655e-02   1.4875000000000000e+00
   3.3205900518969655e-02   1.5125000000000002e+00
   3.3205900518969655e-02   1.5375000000000001e+00
   3.3205900518969655e-02   1.5625000000000000e+00
   3.3205900518969655e-02   1.5874999999999999e+00
   3.3205900518969655e-02   1.6125000000000000e+00
   3.3205900518969655e-02   1.6375000000000002e+00
   3.3205900518969655e-02   1.6625000000000001e+00
   3.3205900518969655e-02   1.6875000000000000e+00
   3.3205900518969655e-02   1.7125000000000001e+00
   3.3205900518969655e-02   1.7375000000000000e+00
   3.3205900518969655e-02   1.7625000000000002e+00
   3.3205900518969655e-02   1.7875000000000001e+00
   3.3205900518969655e-02   1.8125000000000000e+00
   3.3205900518969655e-02   1.8375000000000001e+00
   3.3205900518969655e-02   1.8625000000000003e+00
   3.3205900518969655e-02   1.8875000000000002e+00
   3.3205900518969655e-02   1.9125000000000001e+00
   3.3205900518969655e-02   1.9375000000000000e+00
   3.3205900518969655e-02   1.9625000000000001e+00
   3.3205900518969655e-02   1.9875000000000003e+00
   3.3205900518969655e-02   2.0125000000000002e+00
   4.9539735477683929e-02   1.0125000000000000e+00
   4.9539735477683929e-02   1.0374999999999999e+00
   4.9539735477683929e-02   1.0625000000000000e+00
   4.9539735477683929e-02   1.0874999999999999e+00
   4.9539735477683929e-02   1.1125000000000000e+00
   4.9539735477683929e-02   1.1375000000000000e+00
   4.9539735477683929e-02   1.1625000000000001e+00
   4.9539735477683929e-02   1.1875000000000000e+00
   4.9539735477683929e-02   1.2124999999999999e+00
   4.9539735477683929e-02   1.2375000000000000e+00
   4.9539735477683929e-02   1.2625000000000000e+00
   4.9539735477683929e-02   1.2875000000000001e+00
   4.9539735477683929e-02   1.3125000000000000e+00
   4.9539735477683929e-02   1.3374999999999999e+00
   4.9539735477683929e-02   1.3625000000000000e+00
   4.9539735477683929e-02   1.3875000000000000e+00
   4.9539735477683929e-02   1.4125000000000001e+00
   4.9539735477683929e-02   1.4375000000000000e+00
   4.9539735477683929e-02   1.4624999999999999e+00
   4.9539735477683929e-02   1.4875000000000000e+00
   4.9539735477683929e-02   1.5125000000000002e+00
   4.9539735477683929e-02   1.5375000000000001e+00
   4.9539735477683929e-02   1.5625000000000000e+00
   4.9539735477683929e-02   1.5874999999999999e+00
   4.9539735477683929e-02   1.6125000000000000e+00
   4.9539735477683929e-02   1.6375000000000002e+00
   4.9539735477683929e-02   1.6625000000000001e+00
   4.9539735477683929e-02   1.6875000000000000e+00
   4.9539735477683929e-02   1.7125000000000001e+00
   4.9539735477683929e-02   1.7375000000000000e+00
   4.9539735477683929e-02   1.7625000000000002e+00
   4.9539735477683929e-02   1.7875000000000001e+00
   4.9539735477683929e-02   1.8125000000000000e+00
   4.9539735477683929e-02   1.8375000000000001e+00
   4.9539735477683929e-02   1.8625000000000003e+00
   4.9539735477683929e-02   1.8875000000000002e+00
   4.9539735477683929e-02   1.9125000000000001e+00
   4.9539735477683929e-02   1.9375000000000000e+00
   4.9539735477683929e-02   1.9625000000000001e+00
   4.9539735477683929e-02   1.9875000000000003e+00
   4.9539735477683929e-02   2.0125000000000002e+00
   7.3908111294764781e-02   1.0125000000000000e+00
   7.3908111294764781e-02   1.0374999999999999e+00
   7.3908111294764781e-02   1.0625000000000000e+00
   7.3908111294764781e-02   1.0874999999999999e+00
   7.3908111294764781e-02   1.1125000000000000e+00
   7.3908111294764781e-02   1.1375000000000000e+00
   7.3908111294764781e-02   1.1625000000000001e+00
   7.3908111294764781e-02   1.1875000000000000e+00
   7.3908111294764781e-02   1.2124999999999999e+00
   7.3908111294764781e-02   1.2375000000000000e+00
   7.3908111294764781e-02   1.2625000000000000e+00
   7.3908111294764781e-02   1.2875000000000001e+00
   7.3908111294764781e-02   1.3125000000000000e+00
   7.3908111294764781e-02   1.3374999999999999e+00
   7.3908111294764781e-02   1.3625000000000000e+00
   7.3908111294764781e-02   1.3875000000000000e+00
   7.3908111294764781e-02   1.4125000000000001e+00
   7.3908111294764781e-02   1.4375000000000000e+00
   7.3908111294764781e-02   1.4624999999999999e+00
   7.3908111294764781e-02   1.4875000000000000e+00
   7.3908111294764781e-02   1.5125000000000002e+00
   7.3908111294764781e-02   1.5375000000000001e+00
   7.3908111294764781e-02   1.5625000000000000e+00
   7.3908111294764781e-02   1.5874999999999999e+00
   7.3908111294764781e-02   1.6125000000000000e+00
   7.3908111294764781e-02   1.6375000000000002e+00
   7.3908111294764781e-02   1.6625000000000001e+00
   7.3908111294764781e-02   1.6875000000000000e+00
   7.3908111294764781e-02   1.7125000000000001e+00
   7.3908111294764781e-02   1.7375000000000000e+00
   7.3908111294764781e-02   1.7625000000000002e+00
   7.3908111294764781e-02   1.7875000000000001e+00
   7.3908111294764781e-02   1.8125000000000000e+00
   7.3908111294764781e-02   1.8375000000000001e+00
   7.3908111294764781e-02   1.8625000000000003e+00
   7.3908111294764781e-02   1.8875000000000002e+00
   7.3908111294764781e-02   1.9125000000000001e+00
   7.3908111294764781e-02   1.9375000000000000e+00
   7.3908111294764781e-02   1.9625000000000001e+00
   7.3908111294764781e-02   1.9875000000000003e+00
   7.3908111294764781e-02   2.0125000000000002e+00
   1.1026318292757091e-01   1.0125000000000000e+00
   1.1026318292757091e-01   1.0374999999999999e+00
   1.1026318292757091e-01   1.0625000000000000e+00
   1.1026318292757091e-01   1.0874999999999999e+00
   1.1026318292757091e-01   1.1125000000000000e+00
   1.1026318292757091e-01   1.1375000000000000e+00
   1.1026318292757091e-01   1.1625000000000001e+00
   1.1026318292757091e-01   1.1875000000000000e+00
   1.1026318292757091e-01   1.2124999999999999e+00
   1.1026318292757091e-01   1.2375000000000000e+00
   1.1026318292757091e-01   1.2625000000000000e+00
   1.1026318292757091e-01   1.2875000000000001e+00
   1.1026318292757091e-01   1.3125000000000000e+00
   1.1026318292757091e-01   1.3374999999999999e+00
   1.1026318292757091e-01   1.3625000000000000e+00
   1.1026318292757091e-01   1.3875000000000000e+00
   1.1026318292757091e-01   1.4125000000000001e+00
   1.1026318292757091e-01   1.4375000000000000e+00
   1.1026318292757091e-01   1.4624999999999999e+00
   1.1026318292757091e-01   1.4875000000000000e+00
   1.1026318292757091e-01   1.5125000000000002e+00
   1.1026318292757091e-01   1.5375000000000001e+00
   1.1026318292757091e-01   1.5625000000000000e+00
   1.1026318292757091e-01   1.5874999999999999e+00
   1.1026318292757091e-01   1.6125000000000000e+00
   1.1026318292757091e-01   1.6375000000000002e+00
   1.1026318292757091e-01   1.6625000000000001e+00
   1.1026318292757091e-01   1.6875000000000000e+00
   1.1026318292757091e-01   1.7125000000000001e+00
   1.1026318292757091e-01   1.7375000000000000e+00
   1.1026318292757091e-01   1.7625000000000002e+00
   1.1026318292757091e-01   1.7875000000000001e+00
   1.1026318292757091e-01   1.8125000000000000e+00
   1.1026318292757091e-01   1.8375000000000001e+00
   1.1026318292757091e-01   1.8625000000000003e+00
   1.1026318292757091e-01   1.8875000000000002e+00
   1.1026318292757091e-01   1.9125000000000001e+00
   1.1026318292757091e-01   1.9375000000000000e+00
   1.1026318292757091e-01   1.9625000000000001e+00
   1.1026318292757091e-01   1.9875000000000003e+00
   1.1026318292757091e-01   2.0125000000000002e+00
   1.6450115280080441e-01   1.0125000000000000e+00
   1.6450115280080441e-01   1.0374999999999999e+00
   1.6450115280080441e-01   1.0625000000000000e+00
   1.6450115280080441e-01   1.0874999999999999e+00
   1.6450115280080441e-01   1.1125000000000000e+00
   1.6450115280080441e-01   1.1375000000000000e+00
   1.6450115280080441e-01   1.1625000000000001e+00
   1.6450115280080441e-01   1.1875000000000000e+00
   1.6450115280080441e-01   1.2124999999999999e+00
   1.6450115280080441e-01   1.2375000000000000e+00
   1.6450115280080441e-01   1.2625000000000000e+00
   1.6450115280080441e-01   1.2875000000000001e+00
   1.6450115280080441e-01   1.3125000000000000e+00
   1.6450115280080441e-01   1.3374999999999999e+00
   1.6450115280080441e-01   1.3625000000000000e+00
   1.6450115280080441e-01   1.3875000000000000e+00
   1.6450115280080441e-01   1.4125000000000001e+00
   1.6450115280080441e-01   1.4375000000000000e+00
   1.6450115280080441e-01   1.4624999999999999e+00
   1.6450115280080441e-01   1.4875000000000000e+00
   1.6450115280080441e-01   1.5125000000000002e+00
   1.6450115280080441e-01   1.5375000000000001e+00
   1.6450115280080441e-01   1.5625000000000000e+00
   1.6450115280080441e-01   1.5874999999999999e+00
   1.6450115280080441e-01   1.6125000000000000e+00
   1.6450115280080441e-01   1.6375000000000002e+00
   1.6450115280080441e-01   1.6625000000000001e+00
   1.6450115280080441e-01   1.6875000000000000e+00
   1.6450115280080441e-01   1.7125000000000001e+00
   1.6450115280080441e-01   1.7375000000000000e+00
   1.6450115280080441e-01   1.7625000000000002e+00
   1.6450115280080441e-01   1.7875000000000001e+00
   1.6450115280080441e-01   1.8125000000000000e+00
   1.6450115280080441e-01   1.8375000000000001e+00
   1.6450115280080441e-01   1.8625000000000003e+00
   1.6450115280080441e-01   1.8875000000000002e+00
   1.6450115280080441e-01   1.9125000000000001e+00
   1.6450115280080441e-01   1.9375000000000000e+00
   1.6450115280080441e-01   1.9625000000000001e+00
   1.6450115280080441e-01   1.9875000000000003e+00
   1.6450115280080441e-01   2.0125000000000002e+00
   2.4541853911988967e-01   1.0125000000000000e+00
   2.4541853911988967e-01   1.0374999999999999e+00
   2.4541853911988967e-01   1.0625000000000000e+00
   2.4541853911988967e-01   1.0874999999999999e+00
   2.4541853911988967e-01   1.1125000000000000e+00
   2.4541853911988967e-01   1.1375000000000000e+00
   2.4541853911988967e-01   1.1625000000000001e+00
   2.4541853911988967e-01   1.1875000000000000e+00
   2.4541853911988967e-01   1.2124999999999999e+00
   2.4541853911988967e-01   1.2375000000000000e+00
   2.4541853911988967e-01   1.2625000000000000e+00
   2.4541853911988967e-01   1.2875000000000001e+00
   2.4541853911988967e-01   1.3125000000000000e+00
   2.4541853911988967e-01   1.3374999999999999e+00
   2.4541853911988967e-01   1.3625000000000000e+00
   2.4541853911988967e-01   1.3875000000000000e+00
   2.4541853911988967e-01   1.4125000000000001e+00
   2.4541853911988967e-01   1.4375000000000000e+00
   2.4541853911988967e-01   1.4624999999999999e+00
   2.4541853911988967e-01   1.4875000000000000e+00
   2.4541853911988967e-01   1.5125000000000002e+00
   2.4541853911988967e-01   1.5375000000000001e+00
   2.4541853911988967e-01   1.5625000000000000e+00
   2.4541853911988967e-01   1.5874999999999999e+00
   2.4541853911988967e-01   1.6125000000000000e+00
   2.4541853911988967e-01   1.6375000000000002e+00
   2.4541853911988967e-01   1.6625000000000001e+00
   2.4541853911988967e-01   1.6875000000000000e+00
   2.4541853911988967e-01   1.7125000000000001e+00
   2.4541853911988967e-01   1.7375000000000000e+00
   2.4541853911988967e-01   1.7625000000000002e+00
   2.4541853911988967e-01   1.7875000000000001e+00
   2.4541853911988967e-01   1.8125000000000000e+00
   2.4541853911988967e-01   1.8375000000000001e+00
   2.4541853911988967e-01   1.8625000000000003e+00
   2.4541853911988967e-01   1.8875000000000002e+00
   2.4541853911988967e-01   1.9125000000000001e+00
   2.4541853911988967e-01   1.9375000000000000e+00
   2.4541853911988967e-01   1.9625000000000001e+00
   2.4541853911988967e-01   1.9875000000000003e+00
   2.4541853911988967e-01   2.0125000000000002e+00
   3.6613882831978728e-01   1.0125000000000000e+00
   3.6613882831978728e-01   1.0374999999999999e+00
   3.6613882831978728e-01   1.0625000000000000e+00
   3.6613882831978728e-01   1.0874999999999999e+00
   3.6613882831978728e-01   1.1125000000000000e+00
   3.6613882831978728e-01   1.1375000000000000e+00
   3.6613882831978728e-01   1.1625000000000001e+00
   3.6613882831978728e-01   1.1875000000000000e+00
   3.6613882831978728e-01   1.2124999999999999e+00
   3.6613882831978728e-01   1.2375000000000000e+00
   3.6613882831978728e-01   1.2625000000000000e+00
   3.6613882831978728e-01   1.2875000000000001e+00
   3.6613882831978728e-01   1.3125000000000000e+00
   3.6613882831978728e-01   1.3374999999999999e+00
   3.6613882831978728e-01   1.3625000000000000e+00
   3.6613882831978728e-01   1.3875000000000000e+00
   3.6613882831978728e-01   1.4125000000000001e+00
   3.6613882831978728e-01   1.4375000000000000e+00
   3.6613882831978728e-01   1.4624999999999999e+00
   3.6613882831978728e-01   1.4875000000000000e+00
   3.6613882831978728e-01   1.5125000000000002e+00
   3.6613882831978728e-01   1.5375000000000001e+00
   3.6613882831978728e-01   1.5625000000000000e+00
   3.6613882831978728e-01   1.5874999999999999e+00
   3.6613882831978728e-01   1.6125000000000000e+00
   3.6613882831978728e-01   1.6375000000000002e+00
   3.6613882831978728e-01   1.6625000000000001e+00
   3.6613882831978728e-01   1.6875000000000000e+00
   3.6613882831978728e-01   1.7125000000000001e+00
   3.6613882831978728e-01   1.7375000000000000e+00
   3.6613882831978728e-01   1.7625000000000002e+00
   3.6613882831978728e-01   1.7875000000000001e+00
   3.6613882831978728e-01   1.8125000000000000e+00
   3.6613882831978728e-01   1.8375000000000001e+00
   3.6613882831978728e-01   1.8625000000000003e+00
   3.6613882831978728e-01   1.8875000000000002e+00
   3.6613882831978728e-01   1.9125000000000001e+00
   3.6613882831978728e-01   1.9375000000000000e+00
   3.6613882831978728e-01   1.9625000000000001e+00
   3.6613882831978728e-01   1.9875000000000003e+00
   3.6613882831978728e-01   2.0125000000000002e+00
   5.4624089151593380e-01   1.0125000000000000e+00
   5.4624089151593380e-01   1.0374999999999999e+00
   5.4624089151593380e-01   1.0625000000000000e+00
   5.4624089151593380e-01   1.0874999999999999e+00
   5.4624089151593380e-01   1.1125000000000000e+00
   5.4624089151593380e-01   1.1375000000000000e+00
   5.4624089151593380e-01   1.1625000000000001e+00
   5.4624089151593380e-01   1.1875000000000000e+00
   5.4624089151593380e-01   1.2124999999999999e+00
   5.4624089151593380e-01   1.2375000000000000e+00
   5.4624089151593380e-01   1.2625000000000000e+00
   5.4624089151593380e-01   1.2875000000000001e+00
   5.4624089151593380e-01   1.3125000000000000e+00
   5.4624089151593380e-01   1.3374999999999999e+00
   5.4624089151593380e-01   1.3625000000000000e+00
   5.4624089151593380e-01   1.3875000000000000e+00
   5.4624089151593380e-01   1.4125000000000001e+00
   5.4624089151593380e-01   1.4375000000000000e+00
   5.4624089151593380e-01   1.4624999999999999e+00
   5.4624089151593380e-01   1.4875000000000000e+00
   5.4624089151593380e-01   1.5125000000000002e+00
   5.4624089151593380e-01   1.5375000000000001e+00
   5.4624089151593380e-01   1.5625000000000000e+00
   5.4624089151593380e-01   1.5874999999999999e+00
   5.4624089151593380e-01   1.6125000000000000e+00
   5.4624089151593380e-01   1.6375000000000002e+00
   5.4624089151593380e-01   1.6625000000000001e+00
   5.4624089151593380e-01   1.6875000000000000e+00
   5.4624089151593380e-01   1.7125000000000001e+00
   5.4624089151593380e-01   1.7375000000000000e+00
   5.4624089151593380e-01   1.7625000000000002e+00
   5.4624089151593380e-01   1.7875000000000001e+00
   5.4624089151593380e-01   1.8125000000000000e+00
   5.4624089151593380e-01   1.8375000000000001e+00
   5.4624089151593380e-01   1.8625000000000003e+00
   5.4624089151593380e-01   1.8875000000000002e+00
   5.4624089151593380e-01   1.9125000000000001e+00
   5.4624089151593380e-01   1.9375000000000000e+00
   5.4624089151593380e-01   1.9625000000000001e+00
   5.4624089151593380e-01   1.9875000000000003e+00
   5.4624089151593380e-01   2.0125000000000002e+00
   8.1493435955259197e-01   1.0125000000000000e+00
   8.1493435955259197e-01   1.0374999999999999e+00
   8.1493435955259197e-01   1.0625000000000000e+00
   8.1493435955259197e-01   1.0874999999999999e+00
   8.1493435955259197e-01   1.1125000000000000e+00
   8.1493435955259197e-01   1.1375000000000000e+00
   8.1493435955259197e-01   1.1625000000000001e+00
   8.1493435955259197e-01   1.1875000000000000e+00
   8.1493435955259197e-01   1.2124999999999999e+00
   8.1493435955259197e-01   1.2375000000000000e+00
   8.1493435955259197e-01   1.2625000000000000e+00
   8.1493435955259197e-01   1.2875000000000001e+00
   8.1493435955259197e-01   1.3125000000000000e+00
   8.1493435955259197e-01   1.3374999999999999e+00
   8.1493435955259197e-01   1.3625000000000000e+00
   8.1493435955259197e-01   1.3875000000000000e+00
   8.1493435955259197e-01   1.4125000000000001e+00
   8.1493435955259197e-01   1.4375000000000000e+00
   8.1493435955259197e-01   1.4624999999999999e+00
   8.1493435955259197e-01   1.4875000000000000e+00
   8.1493435955259197e-01   1.5125000000000002e+00
   8.1493435955259197e-01   1.5375000000000001e+00
   8.1493435955259197e-01   1.5625000000000000e+00
   8.1493435955259197e-01   1.5874999999999999e+00
   8.1493435955259197e-01   1.6125000000000000e+00
   8.1493435955259197e-01   1.6375000000000002e+00
   8.1493435955259197e-01   1.6625000000000001e+00
   8.1493435955259197e-01   1.6875000000000000e+00
   8.1493435955259197e-01   1.7125000000000001e+00
   8.1493435955259197e-01   1.7375000000000000e+00
   8.1493435955259197e-01   1.7625000000000002e+00
   8.1493435955259197e-01   1.7875000000000001e+00
   8.1493435955259197e-01   1.8125000000000000e+00
   8.1493435955259197e-01   1.8375000000000001e+00
   8.1493435955259197e-01   1.8625000000000003e+00
   8.1493435955259197e-01   1.8875000000000002e+00
   8.1493435955259197e-01   1.9125000000000001e+00
   8.1493435955259197e-01   1.9375000000000000e+00
   8.1493435955259197e-01   1.9625000000000001e+00
   8.1493435955259197e-01   1.9875000000000003e+00
   8.1493435955259197e-01   2.0125000000000002e+00
   1.2157969509318967e+00   1.0125000000000000e+00
   1.2157969509318967e+00   1.0374999999999999e+00
   1.2157969509318967e+00   1.0625000000000000e+00
   1.2157969509318967e+00   1.0874999999999999e+00
   1.2157969509318967e+00   1.1125000000000000e+00
   1.2157969509318967e+00   1.1375000000000000e+00
   1.2157969509318967e+00   1.1625000000000001e+00
   1.2157969509318967e+00   1.1875000000000000e+00
   1.2157969509318967e+00   1.2124999999999999e+00
   1.2157969509318967e+00   1.2375000000000000e+00
   1.2157969509318967e+00   1.2625000000000000e+00
   1.2157969509318967e+00   1.2875000000000001e+00
   1.2157969509318967e+00   1.3125000000000000e+00
   1.2157969509318967e+00   1.3374999999999999e+00
   1.2157969509318967e+00   1.3625000000000000e+00
   1.2157969509318967e+00   1.3875000000000000e+00
   1.2157969509318967e+00   1.4125000000000001e+00
   1.2157969509318967e+00   1.4375000000000000e+00
   1.2157969509318967e+00   1.4624999999999999e+00
   1.2157969509318967e+00   1.4875000000000000e+00
   1.2157969509318967e+00   1.5125000000000002e+00
   1.2157969509318967e+00   1.5375000000000001e+00
   1.2157969509318967e+00   1.5625000000000000e+00
   1.2157969509318967e+00   1.5874999999999999e+00
   1.2157969509318967e+00   1.6125000000000000e+00
   1.2157969509318967e+00   1.6375000000000002e+00
   1.2157969509318967e+00   1.6625000000000001e+00
   1.2157969509318967e+00   1.6875000000000000e+00
   1.2157969509318967e+00   1.7125000000000001e+00
   1.2157969509318967e+00   1.7375000000000000e+00
   1.2157969509318967e+00   1.7625000000000002e+00
   1.2157969509318967e+00   1.7875000000000001e+00
   1.2157969509318967e+00   1.8125000000000000e+00
   1.2157969509318967e+00   1.8375000000000001e+00
   1.2157969509318967e+00   1.8625000000000003e+00
   1.2157969509318967e+00   1.8875000000000002e+00
   1.2157969509318967e+00   1.9125000000000001e+00
   1.2157969509318967e+00   1.9375000000000000e+00
   1.2157969509318967e+00   1.9625000000000001e+00
   1.2157969509318967e+00   1.9875000000000003e+00
   1.2157969509318967e+00   2.0125000000000002e+00
   1.8138420703071392e+00   1.0125000000000000e+00
   1.8138420703071392e+00   1.0374999999999999e+00
   1.8138420703071392e+00   1.0625000000000000e+00
   1.8138420703071392e+00   1.0874999999999999e+00
   1.8138420703071392e+00   1.1125000000000000e+00
   1.8138420703071392e+00   1.1375000000000000e+00
   1.8138420703071392e+00   1.1625000000000001e+00
   1.8138420703071392e+00   1.1875000000000000e+00
   1.8138420703071392e+00   1.2124999999999999e+00
   1.8138420703071392e+00   1.2375000000000000e+00
   1.8138420703071392e+00   1.2625000000000000e+00
   1.8138420703071392e+00   1.2875000000000001e+00
   1.8138420703071392e+00   1.3125000000000000e+00
   1.8138420703071392e+00   1.3374999999999999e+00
   1.8138420703071392e+00   1.3625000000000000e+00
   1.8138420703071392e+00   1.3875000000000000e+00
   1.8138420703071392e+00   1.4125000000000001e+00
   1.8138420703071392e+00   1.4375000000000000e+00
   1.8138420703071392e+00   1.4624999999999999e+00
   1.8138420703071392e+00   1.4875000000000000e+00
   1.8138420703071392e+00   1.5125000000000002e+00
   1.8138420703071392e+00   1.5375000000000001e+00
   1.8138420703071392e+00   1.5625000000000000e+00
   1.8138420703071392e+00   1.5874999999999999e+00
   1.8138420703071392e+00   1.6125000000000000e+00
   1.8138420703071392e+00   1.6375000000000002e+00
   1.8138420703071392e+00   1.6625000000000001e+00
   1.8138420703071392e+00   1.6875000000000000e+00
   1.8138420703071392e+00   1.7125000000000001e+00
   1.8138420703071392e+00   1.7375000000000000e+00
   1.8138420703071392e+00   1.7625000000000002e+00
   1.8138420703071392e+00   1.7875000000000001e+00
   1.8138420703071392e+00   1.8125000000000000e+00
   1.8138420703071392e+00   1.8375000000000001e+00
   1.8138420703071392e+00   1.8625000000000003e+00
   1.8138420703071392e+00   1.8875000000000002e+00
   1.8138420703071392e+00   1.9125000000000001e+00
   1.8138420703071392e+00   1.9375000000000000e+00
   1.8138420703071392e+00   1.9625000000000001e+00
   1.8138420703071392e+00   1.9875000000000003e+00
   1.8138420703071392e+00   2.0125000000000002e+00
   2.7060629272793602e+00   1.0125000000000000e+00
   2.7060629272793602e+00   1.0374999999999999e+00
   2.7060629272793602e+00   1.0625000000000000e+00
   2.7060629272793602e+00   1.0874999999999999e+00
   2.7060629272793602e+00   1.1125000000000000e+00
   2.7060629272793602e+00   1.1375000000000000e+00
   2.7060629272793602e+00   1.1625000000000001e+00
   2.7060629272793602e+00   1.1875000000000000e+00
   2.7060629272793602e+00   1.2124999999999999e+00
   2.7060629272793602e+00   1.2375000000000000e+00
   2.7060629272793602e+00   1.2625000000000000e+00
   2.7060629272793602e+00   1.2875000000000001e+00
   2.7060629272793602e+00   1.3125000000000000e+00
   2.7060629272793602e+00   1.3374999999999999e+00
   2.7060629272793602e+00   1.3625000000000000e+00
   2.7060629272793602e+00   1.3875000000000000e+00
   2.7060629272793602e+00   1.4125000000000001e+00
   2.7060629272793602e+00   1.4375000000000000e+00
   2.7060629272793602e+00   1.4624999999999999e+00
   2.7060629272793602e+00   1.4875000000000000e+00
   2.7060629272793602e+00   1.5125000000000002e+00
   2.7060629272793602e+00   1.5375000000000001e+00
   2.7060629272793602e+00   1.5625000000000000e+00
   2.7060629272793602e+00   1.5874999999999999e+00
   2.7060629272793602e+00   1.6125000000000000e+00
   2.7060629272793602e+00   1.6375000000000002e+00
   2.7060629272793602e+00   1.6625000000000001e+00
   2.7060629272793602e+00   1.6875000000000000e+00
   2.7060629272793602e+00   1.7125000000000001e+00
   2.7060629272793602e+00   1.7375000000000000e+00
   2.7060629272793602e+00   1.7625000000000002e+00
   2.7060629272793602e+00   1.7875000000000001e+00
   2.7060629272793602e+00   1.8125000000000000e+00
   2.7060629272793602e+00   1.8375000000000001e+00
   2.7060629272793602e+00   1.8625000000000003e+00
   2.7060629272793602e+00   1.8875000000000002e+00
   2.7060629272793602e+00   1.9125000000000001e+00
   2.7060629272793602e+00   1.9375000000000000e+00
   2.7060629272793602e+00   1.9625000000000001e+00
   2.7060629272793602e+00   1.9875000000000003e+00
   2.7060629272793602e+00   2.0125000000000002e+00
   4.0371632603911189e+00   1.0125000000000000e+00
   4.0371632603911189e+00   1.0374999999999999e+00
   4.0371632603911189e+00   1.0625000000000000e+00
   4.0371632603911189e+00   1.0874999999999999e+00
   4.0371632603911189e+00   1.1125000000000000e+00
   4.0371632603911189e+00   1.1375000000000000e+00
   4.0371632603911189e+00   1.1625000000000001e+00
   4.0371632603911189e+00   1.1875000000000000e+00
   4.0371632603911189e+00   1.2124999999999999e+00
   4.0371632603911189e+00   1.2375000000000000e+00
   4.0371632603911189e+00   1.2625000000000000e+00
   4.0371632603911189e+00   1.2875000000000001e+00
   4.0371632603911189e+00   1.3125000000000000e+00
   4.0371632603911189e+00   1.3374999999999999e+00
   4.0371632603911189e+00   1.3625000000000000e+00
   4.0371632603911189e+00   1.3875000000000000e+00
   4.0371632603911189e+00   1.4125000000000001e+00
   4.0371632603911189e+00   1.4375000000000000e+00
   4.0371632603911189e+00   1.4624999999999999e+00
   4.0371632603911189e+00   1.4875000000000000e+00
   4.0371632603911189e+00   1.5125000000000002e+00
   4.0371632603911189e+00   1.5375000000000001e+00
   4.0371632603911189e+00   1.5625000000000000e+00
   4.0371632603911189e+00   1.5874999999999999e+00
   4.0371632603911189e+00   1.6125000000000000e+00
   4.0371632603911189e+00   1.6375000000000002e+00
   4.0371632603911189e+00   1.6625000000000001e+00
   4.0371632603911189e+00   1.6875000000000000e+00
   4.0371632603911189e+00   1.7125000000000001e+00
   4.0371632603911189e+00   1.7375000000000000e+00
   4.0371632603911189e+00   1.7625000000000002e+00
   4.0371632603911189e+00   1.7875000000000001e+00
   4.0371632603911189e+00   1.8125000000000000e+00
   4.0371632603911189e+00   1.8375000000000001e+00
   4.0371632603911189e+00   1.8625000000000003e+00
   4.0371632603911189e+00   1.8875000000000002e+00
   4.0371632603911189e+00   1.9125000000000001e+00
   4.0371632603911189e+00   1.9375000000000000e+00
   4.0371632603911189e+00   1.9625000000000001e+00
   4.0371632603911189e+00   1.9875000000000003e+00
   4.0371632603911189e+00   2.0125000000000002e+00
   6.0230259343740826e+00   1.0125000000000000e+00
   6.0230259343740826e+00   1.0374999999999999e+00
   6.0230259343740826e+00   1.0625000000000000e+00
   6.0230259343740826e+00   1.0874999999999999e+00
   6.0230259343740826e+00   1.1125000000000000e+00
   6.0230259343740826e+00   1.1375000000000000e+00
   6.0230259343740826e+00   1.1625000000000001e+00
   6.0230259343740826e+00   1.1875000000000000e+00
   6.0230259343740826e+00   1.2124999999999999e+00
   6.0230259343740826e+00   1.2375000000000000e+00
   6.0230259343740826e+00   1.2625000000000000e+00
   6.0230259343740826e+00   1.2875000000000001e+00
   6.0230259343740826e+00   1.3125000000000000e+00
   6.0230259343740826e+00   1.3374999999999999e+00
   6.0230259343740826e+00   1.3625000000000000e+00
   6.0230259343740826e+00   1.3875000000000000e+00
   6.0230259343740826e+00   1.4125000000000001e+00
   6.0230259343740826e+00   1.4375000000000000e+00
   6.0230259343740826e+00   1.4624999999999999e+00
   6.0230259343740826e+00   1.4875000000000000e+00
   6.0230259343740826e+00   1.5125000000000002e+00
   6.0230259343740826e+00   1.5375000000000001e+00
   6.0230259343740826e+00   1.5625000000000000e+00
   6.0230259343740826e+00   1.5874999999999999e+00
   6.0230259343740826e+00   1.6125000000000000e+00
   6.0230259343740826e+00   1.6375000000000002e+00
   6.0230259343740826e+00   1.6625000000000001e+00
   6.0230259343740826e+00   1.6875000000000000e+00
   6.0230259343740826e+00   1.7125000000000001e+00
   6.0230259343740826e+00   1.7375000000000000e+00
   6.0230259343740826e+00   1.7625000000000002e+00
   6.0230259343740826e+00   1.7875000000000001e+00
   6.0230259343740826e+00   1.8125000000000000e+00
   6.0230259343740826e+00   1.8375000000000001e+00
   6.0230259343740826e+00   1.8625000000000003e+00
   6.0230259343740826e+00   1.8875000000000002e+00
   6.0230259343740826e+00   1.9125000000000001e+00
   6.0230259343740826e+00   1.9375000000000000e+00
   6.0230259343740826e+00   1.9625000000000001e+00
   6.0230259343740826e+00   1.9875000000000003e+00
   6.0230259343740826e+00   2.0125000000000002e+00
   8.9857256361310238e+00   1.0125000000000000e+00
   8.9857256361310238e+00   1.0374999999999999e+00
   8.9857256361310238e+00   1.0625000000000000e+00
   8.9857256361310238e+00   1.0874999999999999e+00
   8.9857256361310238e+00   1.1125000000000000e+00
   8.9857256361310238e+00   1.1375000000000000e+00
   8.9857256361310238e+00   1.1625000000000001e+00
   8.9857256361310238e+00   1.1875000000000000e+00
   8.9857256361310238e+00   1.2124999999999999e+00
   8.9857256361310238e+00   1.2375000000000000e+00
   8.9857256361310238e+00   1.2625000000000000e+00
   8.9857256361310238e+00   1.2875000000000001e+00
   8.9857256361310238e+00   1.3125000000000000e+00
   8.9857256361310238e+00   1.3374999999999999e+00
   8.9857256361310238e+00   1.3625000000000000e+00
   8.9857256361310238e+00   1.3875000000000000e+00
   8.9857256361310238e+00   1.4125000000000001e+00
   8.9857256361310238e+00   1.4375000000000000e+00
   8.9857256361310238e+00   1.4624999999999999e+00
   8.9857256361310238e+00   1.4875000000000000e+00
   8.9857256361310238e+00   1.5125000000000002e+00
   8.9857256361310238e+00   1.5375000000000001e+00
   8.9857256361310238e+00   1.5625000000000000e+00
   8.9857256361310238e+00   1.5874999999999999e+00
   8.9857256361310238e+00   1.6125000000000000e+00
   8.9857256361310238e+00   1.6375000000000002e+00
   8.9857256361310238e+00   1.6625000000000001e+00
   8.9857256361310238e+00   1.6875000000000000e+00
   8.9857256361310238e+00   1.7125000000000001e+00
   8.9857256361310238e+00   1.7375000000000000e+00
   8.9857256361310238e+00   1.7625000000000002e+00
   8.9857256361310238e+00   1.7875000000000001e+00
   8.9857256361310238e+00   1.8125000000000000e+00
   8.9857256361310238e+00   1.8375000000000001e+00
   8.9857256361310238e+00   1.8625000000000003e+00
   8.9857256361310238e+00   1.8875000000000002e+00
   8.9857256361310238e+00   1.9125000000000001e+00
   8.9857256361310238e+00   1.9375000000000000e+00
   8.9857256361310238e+00   1.9625000000000001e+00
   8.9857256361310238e+00   1.9875000000000003e+00
   8.9857256361310238e+00   2.0125000000000002e+00
   1.3405764160338668e+01   1.0125000000000000e+00
   1.3405764160338668e+01   1.0374999999999999e+00
   1.3405764160338668e+01   1.0625000000000000e+00
   1.3405764160338668e+01   1.0874999999999999e+00
   1.3405764160338668e+01   1.1125000000000000e+00
   1.3405764160338668e+01   1.1375000000000000e+00
   1.3405764160338668e+01   1.1625000000000001e+00
   1.3405764160338668e+01   1.1875000000000000e+00
   1.3405764160338668e+01   1.2124999999999999e+00
   1.3405764160338668e+01   1.2375000000000000e+00
   1.3405764160338668e+01   1.2625000000000000e+00
   1.3405764160338668e+01   1.2875000000000001e+00
   1.3405764160338668e+01   1.3125000000000000e+00
   1.3405764160338668e+01   1.3374999999999999e+00
   1.3405764160338668e+01   1.3625000000000000e+00
   1.3405764160338668e+01   1.3875000000000000e+00
   1.3405764160338668e+01   1.4125000000000001e+00
   1.3405764160338668e+01   1.4375000000000000e+00
   1.3405764160338668e+01   1.4624999999999999e+00
   1.3405764160338668e+01   1.4875000000000000e+00
   1.3405764160338668e+01   1.5125000000000002e+00
   1.3405764160338668e+01   1.5375000000000001e+00
   1.3405764160338668e+01   1.5625000000000000e+00
   1.3405764160338668e+01   1.5874999999999999e+00
   1.3405764160338668e+01   1.6125000000000000e+00
   1.3405764160338668e+01   1.6375000000000002e+00
   1.3405764160338668e+01   1.6625000000000001e+00
   1.3405764160338668e+01   1.6875000000000000e+00
   1.3405764160338668e+01   1.7125000000000001e+00
   1.3405764160338668e+01   1.7375000000000000e+00
   1.3405764160338668e+01   1.7625000000000002e+00
   1.3405764160338668e+01   1.7875000000000001e+00
   1.3405764160338668e+01   1.8125000000000000e+00
   1.3405764160338668e+01   1.8375000000000001e+00
   1.3405764160338668e+01   1.8625000000000003e+00
   1.3405764160338668e+01   1.8875000000000002e+00
   1.3405764160338668e+01   1.9125000000000001e+00
   1.3405764160338668e+01   1.9375000000000000e+00
   1.3405764160338668e+01   1.9625000000000001e+00
   1.3405764160338668e+01   1.9875000000000003e+00
   1.3405764160338668e+01   2.0125000000000002e+00
   2.0000000000000000e+01   1.0125000000000000e+00
   2.0000000000000000e+01   1.0374999999999999e+00
   2.0000000000000000e+01   1.0625000000000000e+00
   2.0000000000000000e+01   1.0874999999999999e+00
   2.0000000000000000e+01   1.1125000000000000e+00
   2.0000000000000000e+01   1.1375000000000000e+00
   2.0000000000000000e+01   1.1625000000000001e+00
   2.0000000000000000e+01   1.1875000000000000e+00
   2.0000000000000000e+01   1.2124999999999999e+00
   2.0000000000000000e+01   1.2375000000000000e+00
   2.0000000000000000e+01   1.2625000000000000e+00
   2.0000000000000000e+01   1.2875000000000001e+00
   2.0000000000000000e+01   1.3125000000000000e+00
   2.0000000000000000e+01   1.3374999999999999e+00
   2.0000000000000000e+01   1.3625000000000000e+00
   2.0000000000000000e+01   1.3875000000000000e+00
   2.0000000000000000e+01   1.4125000000000001e+00
   2.0000000000000000e+01   1.4375000000000000e+00
   2.0000000000000000e+01   1.4624999999999999e+00
   2.0000000000000000e+01   1.4875000000000000e+00
   2.0000000000000000e+01   1.5125000000000002e+00
   2.0000000000000000e+01   1.5375000000000001e+00
   2.0000000000000000e+01   1.5625000000000000e+00
   2.0000000000000000e+01   1.5874999999999999e+00
   2.0000000000000000e+01   1.6125000000000000e+00
   2.0000000000000000e+01   1.6375000000000002e+00
   2.0000000000000000e+01   1.6625000000000001e+00
   2.0000000000000000e+01   1.6875000000000000e+00
   2.0000000000000000e+01   1.7125000000000001e+00
   2.0000000000000000e+01   1.7375000000000000e+00
   2.0000000000000000e+01   1.7625000000000002e+00
   2.0000000000000000e+01   1.7875000000000001e+00
   2.0000000000000000e+01   1.8125000000000000e+00
   2.0000000000000000e+01   1.8375000000000001e+00
   2.0000000000000000e+01   1.8625000000000003e+00
   2.0000000000000000e+01   1.8875000000000002e+00
   2.0000000000000000e+01   1.9125000000000001e+00
   2.0000000000000000e+01   1.9375000000000000e+00
   2.0000000000000000e+01   1.9625000000000001e+00
   2.0000000000000000e+01   1.9875000000000003e+00
   2.0000000000000000e+01   2.0125000000000002e+00
